%YAML:1.0
Colorbar: !!opencv-matrix
   rows: 4
   cols: 2
   dt: d
   data: [2234.68817204, 1834.39784946, 2233.20678246, 1996.83705542, 2475.3655914, 1999.55913978, 2477.84698098, 1836.11993383]
RotationAngle: 90.000000
