%YAML:1.0
PotEstimatedPositions: !!opencv-matrix
   rows: 20
   cols: 2
   dt: d
   data: [0.124131082423, 0.90065681445, 0.124131082423, 0.701149425287, 0.124131082423, 0.501642036125, 0.124131082423, 0.302134646962, 0.124131082423, 0.1026272578, 0.373386295929, 0.90065681445, 0.373386295929, 0.701149425287, 0.373386295929, 0.501642036125, 0.373386295929, 0.302134646962, 0.373386295929, 0.1026272578, 0.622641509434, 0.90065681445, 0.622641509434, 0.701149425287, 0.622641509434, 0.501642036125, 0.622641509434, 0.302134646962, 0.622641509434, 0.1026272578, 0.871896722939, 0.90065681445, 0.871896722939, 0.701149425287, 0.871896722939, 0.501642036125, 0.871896722939, 0.302134646962, 0.871896722939, 0.1026272578]
