%YAML:1.0
TrayEstimatedPositions: !!opencv-matrix
   rows: 8
   cols: 2
   dt: d
   data: [0.178240740741, 0.700810185185, 0.383487654321, 0.697916666667, 0.585648148148, 0.69212962963, 0.790509259259, 0.684606481481, 0.175154320988, 0.331597222222, 0.385030864198, 0.328703703704, 0.582175925926, 0.324652777778, 0.788966049383, 0.315393518519]
